2 512 1
.00125 8000
100 50
0.8 -0.8 0. 1.570796326794897
0.8 -0.8 0. -1.570796326794897
0.  0.5  6.283185307179586


k nd nvort
dt ntime
nth nphi
ak bk th_k phi_k
th_v phi_v vort_strenght




1 64 0
100 50
0.3   -0.2    0.    1.5
0.3   -0.2    0.    0.8


1 64 0
100 50
0.8 0.8 0. 1.5
0.3 -0.2 0. 1.5


10 64 0
100 50
0.3   -0.2    0.    1.5
0.3   -0.2    0.    0.8
0.1   -0.3    1.3   0.8
0.05  -0.2    2.5   0.8
0.2   -0.2    3.8   0.8
0.3   -0.05   5.0   0.8
0.4   -0.1    0.    0.0
0.1   -0.1    1.    0.0
0.3   -0.2    2.    0.0
0.1   -0.3    3.    0.0
0.3   -0.2    4.    0.0
0.1   -0.2    5     0.0
0.05  -0.05   5.9    0.0
0.3   -0.2    0.3   -0.8
0.1   -0.3    1.6   -0.8
0.05  -0.2    2.8   -0.8
0.2   -0.2    4.1   -0.8
0.3   -0.05   5.3   -0.8



4 256 0
100 50
0.3 -0.2 0  1.413716694115407
0.2 -0.3 4.712388980384690 -0.785398163397448
0.1 -0.15 0.785398163397448 0.523598775598299
0.2 -0.25 1.570796326794897 -0.785398163397448








      A = [0.3   0.2  0.1   0.2];
      B = [-0.2 -0.3 -0.15 -0.25];
      th_k =  [0        3*pi/2   pi/4    pi/2]
      phi_k = [9*pi/20   -pi/4   pi/6  -pi/4];





2 4096 1
900 450
0.3  -0.2   0.      1.413716694115407
0.3   -0.2    0.    0.6
0.5     1.             1.


0.   1.0  1. 
1.6  0.  0.5

0.75 -0.75 0.   1.570796326794897
0.   0.  0.5 
1.6  0.  0.5

0.75 -0.75 0.  -1.570796326794897

2 512 5
800 400
0.3  -0.2   0.                  1.413716694115407
0.2  -0.3   4.712388980384690  -0.785398163397448
-0.5     1.             1.
 0.5     1.             1.
1.0637   -0.0291        1.
4.9098   -0.4128        1.
0.       -1.5707963268  1.




0.1  -0.15  0.785398163397448   0.523598775598299
0.2  -0.25  1.570796326794897  -0.785398163397448  


2
0.  1.  1.
0.5 1. -1.

